2   2   1     1 0 
27  40  56    1 0
44  75  96    1 0
67  86  102   1 0
53  62  71    1 0
103 127 151   1 0 
98  127 147   1 0
54  69  96    1 0
3   6   9     1 0
47  60  70    1 0
1   52  84    1 0
72  83  129   1 0
73  62  80    1 0
49  75  110   1 0
30  51  94    1 0
0   3   44    1 0
3   51  103   1 0
151 189 213   0 1
104 153 189   0 1
56  94  113   0 1
94  168 207   0 1
84  144 200   0 1
47  93  160   0 1
140 188 238   0 1
122 151 202   0 1
104 137 190   0 1
183 199 215   0 1
202 202 202   0 1
66  148 199   0 1
44  83  148   0 1
89  159 230   0 1
171 211 243   0 1
189 223 248   0 1
77  137 208   0 1
