0.109084 0.171031 0.243550 0.324313 0.410722 0.500000
0.171031 0.243550 0.324313 0.410722 0.500000 0.589278
0.243550 0.324313 0.410722 0.500000 0.589278 0.675687
0.324313 0.410722 0.500000 0.589278 0.675687 0.756450
0.410722 0.500000 0.589278 0.675687 0.756450 0.828969
0.500000 0.589278 0.675687 0.756450 0.828969 0.890916
0.589278 0.675687 0.756450 0.828969 0.890916 0.940298
0.675687 0.756450 0.828969 0.890916 0.940298 0.975528
0.756450 0.828969 0.890916 0.940298 0.975528 0.995475
0.828969 0.890916 0.940298 0.975528 0.995475 0.999497
0.890916 0.940298 0.975528 0.995475 0.999497 0.987464
0.940298 0.975528 0.995475 0.999497 0.987464 0.959764
0.975528 0.995475 0.999497 0.987464 0.959764 0.917287
0.995475 0.999497 0.987464 0.959764 0.917287 0.861397
0.999497 0.987464 0.959764 0.917287 0.861397 0.793893
0.987464 0.959764 0.917287 0.861397 0.793893 0.716942
0.959764 0.917287 0.861397 0.793893 0.716942 0.633018
0.917287 0.861397 0.793893 0.716942 0.633018 0.544820
0.861397 0.793893 0.716942 0.633018 0.544820 0.455180
0.793893 0.716942 0.633018 0.544820 0.455180 0.366982
0.716942 0.633018 0.544820 0.455180 0.366982 0.283058
0.633018 0.544820 0.455180 0.366982 0.283058 0.206107
0.544820 0.455180 0.366982 0.283058 0.206107 0.138603
0.455180 0.366982 0.283058 0.206107 0.138603 0.082713
0.366982 0.283058 0.206107 0.138603 0.082713 0.040236
0.283058 0.206107 0.138603 0.082713 0.040236 0.012536
0.206107 0.138603 0.082713 0.040236 0.012536 0.000503
0.138603 0.082713 0.040236 0.012536 0.000503 0.004525
0.082713 0.040236 0.012536 0.000503 0.004525 0.024472
0.040236 0.012536 0.000503 0.004525 0.024472 0.059702
